2022/05/27-15:06:50.782384 11b6df600 RocksDB version: 6.20.3
2022/05/27-15:06:50.782418 11b6df600 Git sha 8608d75d85f8e1b3b64b73a4fb6d19baec61ba5c
2022/05/27-15:06:50.782420 11b6df600 Compile date 2021-05-05 20:35:30
2022/05/27-15:06:50.782434 11b6df600 DB SUMMARY
2022/05/27-15:06:50.782436 11b6df600 DB Session ID:  9JCM894QWDLAX64NG1DJ
2022/05/27-15:06:50.782493 11b6df600 CURRENT file:  CURRENT
2022/05/27-15:06:50.782496 11b6df600 IDENTITY file:  IDENTITY
2022/05/27-15:06:50.782500 11b6df600 MANIFEST file:  MANIFEST-000004 size: 1376 Bytes
2022/05/27-15:06:50.782502 11b6df600 SST files in test-ledger/rocksdb dir, Total Num: 0, files: 
2022/05/27-15:06:50.782503 11b6df600 Write Ahead Log file in test-ledger/rocksdb: 000005.log size: 3922 ; 
2022/05/27-15:06:50.782505 11b6df600                         Options.error_if_exists: 0
2022/05/27-15:06:50.782506 11b6df600                       Options.create_if_missing: 1
2022/05/27-15:06:50.782507 11b6df600                         Options.paranoid_checks: 1
2022/05/27-15:06:50.782508 11b6df600                               Options.track_and_verify_wals_in_manifest: 0
2022/05/27-15:06:50.782509 11b6df600                                     Options.env: 0x110aaa7d8
2022/05/27-15:06:50.782510 11b6df600                                      Options.fs: Posix File System
2022/05/27-15:06:50.782511 11b6df600                                Options.info_log: 0x6000011ac140
2022/05/27-15:06:50.782511 11b6df600                Options.max_file_opening_threads: 16
2022/05/27-15:06:50.782512 11b6df600                              Options.statistics: 0x0
2022/05/27-15:06:50.782513 11b6df600                               Options.use_fsync: 0
2022/05/27-15:06:50.782514 11b6df600                       Options.max_log_file_size: 0
2022/05/27-15:06:50.782515 11b6df600                  Options.max_manifest_file_size: 1073741824
2022/05/27-15:06:50.782516 11b6df600                   Options.log_file_time_to_roll: 0
2022/05/27-15:06:50.782517 11b6df600                       Options.keep_log_file_num: 1000
2022/05/27-15:06:50.782517 11b6df600                    Options.recycle_log_file_num: 0
2022/05/27-15:06:50.782521 11b6df600                         Options.allow_fallocate: 1
2022/05/27-15:06:50.782522 11b6df600                        Options.allow_mmap_reads: 0
2022/05/27-15:06:50.782523 11b6df600                       Options.allow_mmap_writes: 0
2022/05/27-15:06:50.782523 11b6df600                        Options.use_direct_reads: 0
2022/05/27-15:06:50.782524 11b6df600                        Options.use_direct_io_for_flush_and_compaction: 0
2022/05/27-15:06:50.782525 11b6df600          Options.create_missing_column_families: 1
2022/05/27-15:06:50.782526 11b6df600                              Options.db_log_dir: 
2022/05/27-15:06:50.782527 11b6df600                                 Options.wal_dir: test-ledger/rocksdb
2022/05/27-15:06:50.782527 11b6df600                Options.table_cache_numshardbits: 6
2022/05/27-15:06:50.782528 11b6df600                         Options.WAL_ttl_seconds: 0
2022/05/27-15:06:50.782529 11b6df600                       Options.WAL_size_limit_MB: 0
2022/05/27-15:06:50.782530 11b6df600                        Options.max_write_batch_group_size_bytes: 1048576
2022/05/27-15:06:50.782531 11b6df600             Options.manifest_preallocation_size: 4194304
2022/05/27-15:06:50.782532 11b6df600                     Options.is_fd_close_on_exec: 1
2022/05/27-15:06:50.782533 11b6df600                   Options.advise_random_on_open: 1
2022/05/27-15:06:50.782533 11b6df600                    Options.db_write_buffer_size: 0
2022/05/27-15:06:50.782534 11b6df600                    Options.write_buffer_manager: 0x600003c90870
2022/05/27-15:06:50.782535 11b6df600         Options.access_hint_on_compaction_start: 1
2022/05/27-15:06:50.782536 11b6df600  Options.new_table_reader_for_compaction_inputs: 0
2022/05/27-15:06:50.782537 11b6df600           Options.random_access_max_buffer_size: 1048576
2022/05/27-15:06:50.782537 11b6df600                      Options.use_adaptive_mutex: 0
2022/05/27-15:06:50.782538 11b6df600                            Options.rate_limiter: 0x0
2022/05/27-15:06:50.782565 11b6df600     Options.sst_file_manager.rate_bytes_per_sec: 0
2022/05/27-15:06:50.782567 11b6df600                       Options.wal_recovery_mode: 2
2022/05/27-15:06:50.782567 11b6df600                  Options.enable_thread_tracking: 0
2022/05/27-15:06:50.782568 11b6df600                  Options.enable_pipelined_write: 0
2022/05/27-15:06:50.782569 11b6df600                  Options.unordered_write: 0
2022/05/27-15:06:50.782570 11b6df600         Options.allow_concurrent_memtable_write: 1
2022/05/27-15:06:50.782571 11b6df600      Options.enable_write_thread_adaptive_yield: 1
2022/05/27-15:06:50.782571 11b6df600             Options.write_thread_max_yield_usec: 100
2022/05/27-15:06:50.782572 11b6df600            Options.write_thread_slow_yield_usec: 3
2022/05/27-15:06:50.782573 11b6df600                               Options.row_cache: None
2022/05/27-15:06:50.782574 11b6df600                              Options.wal_filter: None
2022/05/27-15:06:50.782575 11b6df600             Options.avoid_flush_during_recovery: 0
2022/05/27-15:06:50.782576 11b6df600             Options.allow_ingest_behind: 0
2022/05/27-15:06:50.782576 11b6df600             Options.preserve_deletes: 0
2022/05/27-15:06:50.782577 11b6df600             Options.two_write_queues: 0
2022/05/27-15:06:50.782578 11b6df600             Options.manual_wal_flush: 0
2022/05/27-15:06:50.782579 11b6df600             Options.atomic_flush: 0
2022/05/27-15:06:50.782580 11b6df600             Options.avoid_unnecessary_blocking_io: 0
2022/05/27-15:06:50.782580 11b6df600                 Options.persist_stats_to_disk: 0
2022/05/27-15:06:50.782581 11b6df600                 Options.write_dbid_to_manifest: 0
2022/05/27-15:06:50.782582 11b6df600                 Options.log_readahead_size: 0
2022/05/27-15:06:50.782583 11b6df600                 Options.file_checksum_gen_factory: Unknown
2022/05/27-15:06:50.782584 11b6df600                 Options.best_efforts_recovery: 0
2022/05/27-15:06:50.782585 11b6df600                Options.max_bgerror_resume_count: 2147483647
2022/05/27-15:06:50.782586 11b6df600            Options.bgerror_resume_retry_interval: 1000000
2022/05/27-15:06:50.782586 11b6df600             Options.allow_data_in_errors: 0
2022/05/27-15:06:50.782587 11b6df600             Options.db_host_id: __hostname__
2022/05/27-15:06:50.782588 11b6df600             Options.max_background_jobs: 16
2022/05/27-15:06:50.782589 11b6df600             Options.max_background_compactions: -1
2022/05/27-15:06:50.782590 11b6df600             Options.max_subcompactions: 1
2022/05/27-15:06:50.782591 11b6df600             Options.avoid_flush_during_shutdown: 0
2022/05/27-15:06:50.782591 11b6df600           Options.writable_file_max_buffer_size: 1048576
2022/05/27-15:06:50.782592 11b6df600             Options.delayed_write_rate : 16777216
2022/05/27-15:06:50.782593 11b6df600             Options.max_total_wal_size: 4294967296
2022/05/27-15:06:50.782594 11b6df600             Options.delete_obsolete_files_period_micros: 21600000000
2022/05/27-15:06:50.782595 11b6df600                   Options.stats_dump_period_sec: 600
2022/05/27-15:06:50.782596 11b6df600                 Options.stats_persist_period_sec: 600
2022/05/27-15:06:50.782597 11b6df600                 Options.stats_history_buffer_size: 1048576
2022/05/27-15:06:50.782597 11b6df600                          Options.max_open_files: -1
2022/05/27-15:06:50.782598 11b6df600                          Options.bytes_per_sync: 0
2022/05/27-15:06:50.782599 11b6df600                      Options.wal_bytes_per_sync: 0
2022/05/27-15:06:50.782600 11b6df600                   Options.strict_bytes_per_sync: 0
2022/05/27-15:06:50.782601 11b6df600       Options.compaction_readahead_size: 0
2022/05/27-15:06:50.782602 11b6df600                  Options.max_background_flushes: -1
2022/05/27-15:06:50.782602 11b6df600 Compression algorithms supported:
2022/05/27-15:06:50.782603 11b6df600 	kZSTD supported: 0
2022/05/27-15:06:50.782604 11b6df600 	kZlibCompression supported: 0
2022/05/27-15:06:50.782605 11b6df600 	kXpressCompression supported: 0
2022/05/27-15:06:50.782620 11b6df600 	kSnappyCompression supported: 0
2022/05/27-15:06:50.782621 11b6df600 	kZSTDNotFinalCompression supported: 0
2022/05/27-15:06:50.782622 11b6df600 	kLZ4HCCompression supported: 1
2022/05/27-15:06:50.782623 11b6df600 	kLZ4Compression supported: 1
2022/05/27-15:06:50.782624 11b6df600 	kBZip2Compression supported: 0
2022/05/27-15:06:50.782625 11b6df600 Fast CRC32 supported: Not supported on x86
2022/05/27-15:06:50.782769 11b6df600 [db/version_set.cc:4627] Recovering from manifest file: test-ledger/rocksdb/MANIFEST-000004
2022/05/27-15:06:50.782837 11b6df600 [db/column_family.cc:598] --------------- Options for column family [default]:
2022/05/27-15:06:50.782840 11b6df600               Options.comparator: leveldb.BytewiseComparator
2022/05/27-15:06:50.782841 11b6df600           Options.merge_operator: None
2022/05/27-15:06:50.782842 11b6df600        Options.compaction_filter: None
2022/05/27-15:06:50.782843 11b6df600        Options.compaction_filter_factory: None
2022/05/27-15:06:50.782843 11b6df600  Options.sst_partitioner_factory: None
2022/05/27-15:06:50.782844 11b6df600         Options.memtable_factory: SkipListFactory
2022/05/27-15:06:50.782845 11b6df600            Options.table_factory: BlockBasedTable
2022/05/27-15:06:50.782861 11b6df600            table_factory options:   flush_block_policy_factory: FlushBlockBySizePolicyFactory (0x600003090870)
  cache_index_and_filter_blocks: 0
  cache_index_and_filter_blocks_with_high_priority: 1
  pin_l0_filter_and_index_blocks_in_cache: 0
  pin_top_level_index_and_filter: 1
  index_type: 0
  data_block_index_type: 0
  index_shortening: 1
  data_block_hash_table_util_ratio: 0.750000
  hash_index_allow_collision: 1
  checksum: 1
  no_block_cache: 0
  block_cache: 0x6000003acc98
  block_cache_name: LRUCache
  block_cache_options:
    capacity : 8388608
    num_shard_bits : 4
    strict_capacity_limit : 0
    memory_allocator : None
    high_pri_pool_ratio: 0.000
  block_cache_compressed: 0x0
  persistent_cache: 0x0
  block_size: 4096
  block_size_deviation: 10
  block_restart_interval: 16
  index_block_restart_interval: 1
  metadata_block_size: 4096
  partition_filters: 0
  use_delta_encoding: 1
  filter_policy: nullptr
  whole_key_filtering: 1
  verify_compression: 0
  read_amp_bytes_per_bit: 0
  format_version: 5
  enable_index_compression: 1
  block_align: 0
2022/05/27-15:06:50.782862 11b6df600        Options.write_buffer_size: 67108864
2022/05/27-15:06:50.782863 11b6df600  Options.max_write_buffer_number: 2
2022/05/27-15:06:50.782864 11b6df600          Options.compression: NoCompression
2022/05/27-15:06:50.782865 11b6df600                  Options.bottommost_compression: Disabled
2022/05/27-15:06:50.782866 11b6df600       Options.prefix_extractor: nullptr
2022/05/27-15:06:50.782867 11b6df600   Options.memtable_insert_with_hint_prefix_extractor: nullptr
2022/05/27-15:06:50.782868 11b6df600             Options.num_levels: 7
2022/05/27-15:06:50.782868 11b6df600        Options.min_write_buffer_number_to_merge: 1
2022/05/27-15:06:50.782869 11b6df600     Options.max_write_buffer_number_to_maintain: 0
2022/05/27-15:06:50.782870 11b6df600     Options.max_write_buffer_size_to_maintain: 0
2022/05/27-15:06:50.782871 11b6df600            Options.bottommost_compression_opts.window_bits: -14
2022/05/27-15:06:50.782872 11b6df600                  Options.bottommost_compression_opts.level: 32767
2022/05/27-15:06:50.782873 11b6df600               Options.bottommost_compression_opts.strategy: 0
2022/05/27-15:06:50.782874 11b6df600         Options.bottommost_compression_opts.max_dict_bytes: 0
2022/05/27-15:06:50.782874 11b6df600         Options.bottommost_compression_opts.zstd_max_train_bytes: 0
2022/05/27-15:06:50.782875 11b6df600         Options.bottommost_compression_opts.parallel_threads: 1
2022/05/27-15:06:50.782876 11b6df600                  Options.bottommost_compression_opts.enabled: false
2022/05/27-15:06:50.782877 11b6df600         Options.bottommost_compression_opts.max_dict_buffer_bytes: 0
2022/05/27-15:06:50.782878 11b6df600            Options.compression_opts.window_bits: -14
2022/05/27-15:06:50.782897 11b6df600                  Options.compression_opts.level: 32767
2022/05/27-15:06:50.782898 11b6df600               Options.compression_opts.strategy: 0
2022/05/27-15:06:50.782899 11b6df600         Options.compression_opts.max_dict_bytes: 0
2022/05/27-15:06:50.782900 11b6df600         Options.compression_opts.zstd_max_train_bytes: 0
2022/05/27-15:06:50.782901 11b6df600         Options.compression_opts.parallel_threads: 1
2022/05/27-15:06:50.782901 11b6df600                  Options.compression_opts.enabled: false
2022/05/27-15:06:50.782902 11b6df600         Options.compression_opts.max_dict_buffer_bytes: 0
2022/05/27-15:06:50.782903 11b6df600      Options.level0_file_num_compaction_trigger: 4
2022/05/27-15:06:50.782904 11b6df600          Options.level0_slowdown_writes_trigger: 20
2022/05/27-15:06:50.782905 11b6df600              Options.level0_stop_writes_trigger: 36
2022/05/27-15:06:50.782905 11b6df600                   Options.target_file_size_base: 67108864
2022/05/27-15:06:50.782906 11b6df600             Options.target_file_size_multiplier: 1
2022/05/27-15:06:50.782907 11b6df600                Options.max_bytes_for_level_base: 268435456
2022/05/27-15:06:50.782908 11b6df600 Options.level_compaction_dynamic_level_bytes: 0
2022/05/27-15:06:50.782909 11b6df600          Options.max_bytes_for_level_multiplier: 10.000000
2022/05/27-15:06:50.782910 11b6df600 Options.max_bytes_for_level_multiplier_addtl[0]: 1
2022/05/27-15:06:50.782911 11b6df600 Options.max_bytes_for_level_multiplier_addtl[1]: 1
2022/05/27-15:06:50.782912 11b6df600 Options.max_bytes_for_level_multiplier_addtl[2]: 1
2022/05/27-15:06:50.782913 11b6df600 Options.max_bytes_for_level_multiplier_addtl[3]: 1
2022/05/27-15:06:50.782913 11b6df600 Options.max_bytes_for_level_multiplier_addtl[4]: 1
2022/05/27-15:06:50.782914 11b6df600 Options.max_bytes_for_level_multiplier_addtl[5]: 1
2022/05/27-15:06:50.782915 11b6df600 Options.max_bytes_for_level_multiplier_addtl[6]: 1
2022/05/27-15:06:50.782916 11b6df600       Options.max_sequential_skip_in_iterations: 8
2022/05/27-15:06:50.782917 11b6df600                    Options.max_compaction_bytes: 1677721600
2022/05/27-15:06:50.782918 11b6df600                        Options.arena_block_size: 8388608
2022/05/27-15:06:50.782919 11b6df600   Options.soft_pending_compaction_bytes_limit: 68719476736
2022/05/27-15:06:50.782919 11b6df600   Options.hard_pending_compaction_bytes_limit: 274877906944
2022/05/27-15:06:50.782920 11b6df600       Options.rate_limit_delay_max_milliseconds: 100
2022/05/27-15:06:50.782921 11b6df600                Options.disable_auto_compactions: 0
2022/05/27-15:06:50.782922 11b6df600                        Options.compaction_style: kCompactionStyleLevel
2022/05/27-15:06:50.782923 11b6df600                          Options.compaction_pri: kMinOverlappingRatio
2022/05/27-15:06:50.782924 11b6df600 Options.compaction_options_universal.size_ratio: 1
2022/05/27-15:06:50.782925 11b6df600 Options.compaction_options_universal.min_merge_width: 2
2022/05/27-15:06:50.782926 11b6df600 Options.compaction_options_universal.max_merge_width: 4294967295
2022/05/27-15:06:50.782927 11b6df600 Options.compaction_options_universal.max_size_amplification_percent: 200
2022/05/27-15:06:50.782928 11b6df600 Options.compaction_options_universal.compression_size_percent: -1
2022/05/27-15:06:50.782929 11b6df600 Options.compaction_options_universal.stop_style: kCompactionStopStyleTotalSize
2022/05/27-15:06:50.782930 11b6df600 Options.compaction_options_fifo.max_table_files_size: 1073741824
2022/05/27-15:06:50.782931 11b6df600 Options.compaction_options_fifo.allow_compaction: 0
2022/05/27-15:06:50.782932 11b6df600                   Options.table_properties_collectors: 
2022/05/27-15:06:50.782933 11b6df600                   Options.inplace_update_support: 0
2022/05/27-15:06:50.782934 11b6df600                 Options.inplace_update_num_locks: 10000
2022/05/27-15:06:50.782935 11b6df600               Options.memtable_prefix_bloom_size_ratio: 0.000000
2022/05/27-15:06:50.782936 11b6df600               Options.memtable_whole_key_filtering: 0
2022/05/27-15:06:50.782949 11b6df600   Options.memtable_huge_page_size: 0
2022/05/27-15:06:50.782950 11b6df600                           Options.bloom_locality: 0
2022/05/27-15:06:50.782951 11b6df600                    Options.max_successive_merges: 0
2022/05/27-15:06:50.782952 11b6df600                Options.optimize_filters_for_hits: 0
2022/05/27-15:06:50.782953 11b6df600                Options.paranoid_file_checks: 0
2022/05/27-15:06:50.782954 11b6df600                Options.force_consistency_checks: 1
2022/05/27-15:06:50.782954 11b6df600                Options.report_bg_io_stats: 0
2022/05/27-15:06:50.782955 11b6df600                               Options.ttl: 2592000
2022/05/27-15:06:50.782956 11b6df600          Options.periodic_compaction_seconds: 0
2022/05/27-15:06:50.782957 11b6df600                    Options.enable_blob_files: false
2022/05/27-15:06:50.782958 11b6df600                        Options.min_blob_size: 0
2022/05/27-15:06:50.782959 11b6df600                       Options.blob_file_size: 268435456
2022/05/27-15:06:50.782960 11b6df600                Options.blob_compression_type: NoCompression
2022/05/27-15:06:50.782960 11b6df600       Options.enable_blob_garbage_collection: false
2022/05/27-15:06:50.782961 11b6df600   Options.blob_garbage_collection_age_cutoff: 0.250000
2022/05/27-15:06:50.783013 11b6df600 [db/column_family.cc:598] --------------- Options for column family [meta]:
2022/05/27-15:06:50.783015 11b6df600               Options.comparator: leveldb.BytewiseComparator
2022/05/27-15:06:50.783016 11b6df600           Options.merge_operator: None
2022/05/27-15:06:50.783017 11b6df600        Options.compaction_filter: None
2022/05/27-15:06:50.783018 11b6df600        Options.compaction_filter_factory: purged_slot_filter_factory(meta)
2022/05/27-15:06:50.783019 11b6df600  Options.sst_partitioner_factory: None
2022/05/27-15:06:50.783020 11b6df600         Options.memtable_factory: SkipListFactory
2022/05/27-15:06:50.783020 11b6df600            Options.table_factory: BlockBasedTable
2022/05/27-15:06:50.783030 11b6df600            table_factory options:   flush_block_policy_factory: FlushBlockBySizePolicyFactory (0x600003090510)
  cache_index_and_filter_blocks: 0
  cache_index_and_filter_blocks_with_high_priority: 1
  pin_l0_filter_and_index_blocks_in_cache: 0
  pin_top_level_index_and_filter: 1
  index_type: 0
  data_block_index_type: 0
  index_shortening: 1
  data_block_hash_table_util_ratio: 0.750000
  hash_index_allow_collision: 1
  checksum: 1
  no_block_cache: 0
  block_cache: 0x6000003ac0b8
  block_cache_name: LRUCache
  block_cache_options:
    capacity : 8388608
    num_shard_bits : 4
    strict_capacity_limit : 0
    memory_allocator : None
    high_pri_pool_ratio: 0.000
  block_cache_compressed: 0x0
  persistent_cache: 0x0
  block_size: 4096
  block_size_deviation: 10
  block_restart_interval: 16
  index_block_restart_interval: 1
  metadata_block_size: 4096
  partition_filters: 0
  use_delta_encoding: 1
  filter_policy: nullptr
  whole_key_filtering: 1
  verify_compression: 0
  read_amp_bytes_per_bit: 0
  format_version: 5
  enable_index_compression: 1
  block_align: 0
2022/05/27-15:06:50.783031 11b6df600        Options.write_buffer_size: 268435456
2022/05/27-15:06:50.783032 11b6df600  Options.max_write_buffer_number: 8
2022/05/27-15:06:50.783033 11b6df600          Options.compression: NoCompression
2022/05/27-15:06:50.783034 11b6df600                  Options.bottommost_compression: Disabled
2022/05/27-15:06:50.783034 11b6df600       Options.prefix_extractor: nullptr
2022/05/27-15:06:50.783035 11b6df600   Options.memtable_insert_with_hint_prefix_extractor: nullptr
2022/05/27-15:06:50.783036 11b6df600             Options.num_levels: 7
2022/05/27-15:06:50.783037 11b6df600        Options.min_write_buffer_number_to_merge: 1
2022/05/27-15:06:50.783038 11b6df600     Options.max_write_buffer_number_to_maintain: 0
2022/05/27-15:06:50.783039 11b6df600     Options.max_write_buffer_size_to_maintain: 0
2022/05/27-15:06:50.783039 11b6df600            Options.bottommost_compression_opts.window_bits: -14
2022/05/27-15:06:50.783056 11b6df600                  Options.bottommost_compression_opts.level: 32767
2022/05/27-15:06:50.783057 11b6df600               Options.bottommost_compression_opts.strategy: 0
2022/05/27-15:06:50.783058 11b6df600         Options.bottommost_compression_opts.max_dict_bytes: 0
2022/05/27-15:06:50.783059 11b6df600         Options.bottommost_compression_opts.zstd_max_train_bytes: 0
2022/05/27-15:06:50.783060 11b6df600         Options.bottommost_compression_opts.parallel_threads: 1
2022/05/27-15:06:50.783061 11b6df600                  Options.bottommost_compression_opts.enabled: false
2022/05/27-15:06:50.783061 11b6df600         Options.bottommost_compression_opts.max_dict_buffer_bytes: 0
2022/05/27-15:06:50.783062 11b6df600            Options.compression_opts.window_bits: -14
2022/05/27-15:06:50.783063 11b6df600                  Options.compression_opts.level: 32767
2022/05/27-15:06:50.783064 11b6df600               Options.compression_opts.strategy: 0
2022/05/27-15:06:50.783065 11b6df600         Options.compression_opts.max_dict_bytes: 0
2022/05/27-15:06:50.783066 11b6df600         Options.compression_opts.zstd_max_train_bytes: 0
2022/05/27-15:06:50.783066 11b6df600         Options.compression_opts.parallel_threads: 1
2022/05/27-15:06:50.783067 11b6df600                  Options.compression_opts.enabled: false
2022/05/27-15:06:50.783068 11b6df600         Options.compression_opts.max_dict_buffer_bytes: 0
2022/05/27-15:06:50.783069 11b6df600      Options.level0_file_num_compaction_trigger: 4
2022/05/27-15:06:50.783070 11b6df600          Options.level0_slowdown_writes_trigger: 20
2022/05/27-15:06:50.783071 11b6df600              Options.level0_stop_writes_trigger: 36
2022/05/27-15:06:50.783071 11b6df600                   Options.target_file_size_base: 107374182
2022/05/27-15:06:50.783072 11b6df600             Options.target_file_size_multiplier: 1
2022/05/27-15:06:50.783073 11b6df600                Options.max_bytes_for_level_base: 1073741824
2022/05/27-15:06:50.783074 11b6df600 Options.level_compaction_dynamic_level_bytes: 0
2022/05/27-15:06:50.783075 11b6df600          Options.max_bytes_for_level_multiplier: 10.000000
2022/05/27-15:06:50.783076 11b6df600 Options.max_bytes_for_level_multiplier_addtl[0]: 1
2022/05/27-15:06:50.783077 11b6df600 Options.max_bytes_for_level_multiplier_addtl[1]: 1
2022/05/27-15:06:50.783078 11b6df600 Options.max_bytes_for_level_multiplier_addtl[2]: 1
2022/05/27-15:06:50.783078 11b6df600 Options.max_bytes_for_level_multiplier_addtl[3]: 1
2022/05/27-15:06:50.783079 11b6df600 Options.max_bytes_for_level_multiplier_addtl[4]: 1
2022/05/27-15:06:50.783080 11b6df600 Options.max_bytes_for_level_multiplier_addtl[5]: 1
2022/05/27-15:06:50.783081 11b6df600 Options.max_bytes_for_level_multiplier_addtl[6]: 1
2022/05/27-15:06:50.783082 11b6df600       Options.max_sequential_skip_in_iterations: 8
2022/05/27-15:06:50.783083 11b6df600                    Options.max_compaction_bytes: 2684354550
2022/05/27-15:06:50.783083 11b6df600                        Options.arena_block_size: 33554432
2022/05/27-15:06:50.783084 11b6df600   Options.soft_pending_compaction_bytes_limit: 68719476736
2022/05/27-15:06:50.783085 11b6df600   Options.hard_pending_compaction_bytes_limit: 274877906944
2022/05/27-15:06:50.783086 11b6df600       Options.rate_limit_delay_max_milliseconds: 100
2022/05/27-15:06:50.783087 11b6df600                Options.disable_auto_compactions: 0
2022/05/27-15:06:50.783088 11b6df600                        Options.compaction_style: kCompactionStyleLevel
2022/05/27-15:06:50.783089 11b6df600                          Options.compaction_pri: kMinOverlappingRatio
2022/05/27-15:06:50.783089 11b6df600 Options.compaction_options_universal.size_ratio: 1
2022/05/27-15:06:50.783090 11b6df600 Options.compaction_options_universal.min_merge_width: 2
2022/05/27-15:06:50.783091 11b6df600 Options.compaction_options_universal.max_merge_width: 4294967295
2022/05/27-15:06:50.783092 11b6df600 Options.compaction_options_universal.max_size_amplification_percent: 200
2022/05/27-15:06:50.783104 11b6df600 Options.compaction_options_universal.compression_size_percent: -1
2022/05/27-15:06:50.783106 11b6df600 Options.compaction_options_universal.stop_style: kCompactionStopStyleTotalSize
2022/05/27-15:06:50.783107 11b6df600 Options.compaction_options_fifo.max_table_files_size: 1073741824
2022/05/27-15:06:50.783107 11b6df600 Options.compaction_options_fifo.allow_compaction: 0
2022/05/27-15:06:50.783109 11b6df600                   Options.table_properties_collectors: 
2022/05/27-15:06:50.783109 11b6df600                   Options.inplace_update_support: 0
2022/05/27-15:06:50.783110 11b6df600                 Options.inplace_update_num_locks: 10000
2022/05/27-15:06:50.783111 11b6df600               Options.memtable_prefix_bloom_size_ratio: 0.000000
2022/05/27-15:06:50.783112 11b6df600               Options.memtable_whole_key_filtering: 0
2022/05/27-15:06:50.783113 11b6df600   Options.memtable_huge_page_size: 0
2022/05/27-15:06:50.783114 11b6df600                           Options.bloom_locality: 0
2022/05/27-15:06:50.783114 11b6df600                    Options.max_successive_merges: 0
2022/05/27-15:06:50.783115 11b6df600                Options.optimize_filters_for_hits: 0
2022/05/27-15:06:50.783116 11b6df600                Options.paranoid_file_checks: 0
2022/05/27-15:06:50.783117 11b6df600                Options.force_consistency_checks: 1
2022/05/27-15:06:50.783118 11b6df600                Options.report_bg_io_stats: 0
2022/05/27-15:06:50.783118 11b6df600                               Options.ttl: 2592000
2022/05/27-15:06:50.783119 11b6df600          Options.periodic_compaction_seconds: 2592000
2022/05/27-15:06:50.783120 11b6df600                    Options.enable_blob_files: false
2022/05/27-15:06:50.783121 11b6df600                        Options.min_blob_size: 0
2022/05/27-15:06:50.783122 11b6df600                       Options.blob_file_size: 268435456
2022/05/27-15:06:50.783123 11b6df600                Options.blob_compression_type: NoCompression
2022/05/27-15:06:50.783124 11b6df600       Options.enable_blob_garbage_collection: false
2022/05/27-15:06:50.783124 11b6df600   Options.blob_garbage_collection_age_cutoff: 0.250000
2022/05/27-15:06:50.783158 11b6df600 [db/column_family.cc:598] --------------- Options for column family [dead_slots]:
2022/05/27-15:06:50.783159 11b6df600               Options.comparator: leveldb.BytewiseComparator
2022/05/27-15:06:50.783160 11b6df600           Options.merge_operator: None
2022/05/27-15:06:50.783161 11b6df600        Options.compaction_filter: None
2022/05/27-15:06:50.783162 11b6df600        Options.compaction_filter_factory: purged_slot_filter_factory(dead_slots)
2022/05/27-15:06:50.783163 11b6df600  Options.sst_partitioner_factory: None
2022/05/27-15:06:50.783164 11b6df600         Options.memtable_factory: SkipListFactory
2022/05/27-15:06:50.783164 11b6df600            Options.table_factory: BlockBasedTable
2022/05/27-15:06:50.783173 11b6df600            table_factory options:   flush_block_policy_factory: FlushBlockBySizePolicyFactory (0x600003090540)
  cache_index_and_filter_blocks: 0
  cache_index_and_filter_blocks_with_high_priority: 1
  pin_l0_filter_and_index_blocks_in_cache: 0
  pin_top_level_index_and_filter: 1
  index_type: 0
  data_block_index_type: 0
  index_shortening: 1
  data_block_hash_table_util_ratio: 0.750000
  hash_index_allow_collision: 1
  checksum: 1
  no_block_cache: 0
  block_cache: 0x6000003ac158
  block_cache_name: LRUCache
  block_cache_options:
    capacity : 8388608
    num_shard_bits : 4
    strict_capacity_limit : 0
    memory_allocator : None
    high_pri_pool_ratio: 0.000
  block_cache_compressed: 0x0
  persistent_cache: 0x0
  block_size: 4096
  block_size_deviation: 10
  block_restart_interval: 16
  index_block_restart_interval: 1
  metadata_block_size: 4096
  partition_filters: 0
  use_delta_encoding: 1
  filter_policy: nullptr
  whole_key_filtering: 1
  verify_compression: 0
  read_amp_bytes_per_bit: 0
  format_version: 5
  enable_index_compression: 1
  block_align: 0
2022/05/27-15:06:50.783174 11b6df600        Options.write_buffer_size: 268435456
2022/05/27-15:06:50.783189 11b6df600  Options.max_write_buffer_number: 8
2022/05/27-15:06:50.783191 11b6df600          Options.compression: NoCompression
2022/05/27-15:06:50.783191 11b6df600                  Options.bottommost_compression: Disabled
2022/05/27-15:06:50.783192 11b6df600       Options.prefix_extractor: nullptr
2022/05/27-15:06:50.783193 11b6df600   Options.memtable_insert_with_hint_prefix_extractor: nullptr
2022/05/27-15:06:50.783194 11b6df600             Options.num_levels: 7
2022/05/27-15:06:50.783195 11b6df600        Options.min_write_buffer_number_to_merge: 1
2022/05/27-15:06:50.783195 11b6df600     Options.max_write_buffer_number_to_maintain: 0
2022/05/27-15:06:50.783196 11b6df600     Options.max_write_buffer_size_to_maintain: 0
2022/05/27-15:06:50.783197 11b6df600            Options.bottommost_compression_opts.window_bits: -14
2022/05/27-15:06:50.783198 11b6df600                  Options.bottommost_compression_opts.level: 32767
2022/05/27-15:06:50.783199 11b6df600               Options.bottommost_compression_opts.strategy: 0
2022/05/27-15:06:50.783200 11b6df600         Options.bottommost_compression_opts.max_dict_bytes: 0
2022/05/27-15:06:50.783201 11b6df600         Options.bottommost_compression_opts.zstd_max_train_bytes: 0
2022/05/27-15:06:50.783201 11b6df600         Options.bottommost_compression_opts.parallel_threads: 1
2022/05/27-15:06:50.783202 11b6df600                  Options.bottommost_compression_opts.enabled: false
2022/05/27-15:06:50.783203 11b6df600         Options.bottommost_compression_opts.max_dict_buffer_bytes: 0
2022/05/27-15:06:50.783204 11b6df600            Options.compression_opts.window_bits: -14
2022/05/27-15:06:50.783205 11b6df600                  Options.compression_opts.level: 32767
2022/05/27-15:06:50.783206 11b6df600               Options.compression_opts.strategy: 0
2022/05/27-15:06:50.783206 11b6df600         Options.compression_opts.max_dict_bytes: 0
2022/05/27-15:06:50.783207 11b6df600         Options.compression_opts.zstd_max_train_bytes: 0
2022/05/27-15:06:50.783208 11b6df600         Options.compression_opts.parallel_threads: 1
2022/05/27-15:06:50.783209 11b6df600                  Options.compression_opts.enabled: false
2022/05/27-15:06:50.783210 11b6df600         Options.compression_opts.max_dict_buffer_bytes: 0
2022/05/27-15:06:50.783210 11b6df600      Options.level0_file_num_compaction_trigger: 4
2022/05/27-15:06:50.783211 11b6df600          Options.level0_slowdown_writes_trigger: 20
2022/05/27-15:06:50.783212 11b6df600              Options.level0_stop_writes_trigger: 36
2022/05/27-15:06:50.783213 11b6df600                   Options.target_file_size_base: 107374182
2022/05/27-15:06:50.783214 11b6df600             Options.target_file_size_multiplier: 1
2022/05/27-15:06:50.783214 11b6df600                Options.max_bytes_for_level_base: 1073741824
2022/05/27-15:06:50.783215 11b6df600 Options.level_compaction_dynamic_level_bytes: 0
2022/05/27-15:06:50.783216 11b6df600          Options.max_bytes_for_level_multiplier: 10.000000
2022/05/27-15:06:50.783217 11b6df600 Options.max_bytes_for_level_multiplier_addtl[0]: 1
2022/05/27-15:06:50.783218 11b6df600 Options.max_bytes_for_level_multiplier_addtl[1]: 1
2022/05/27-15:06:50.783219 11b6df600 Options.max_bytes_for_level_multiplier_addtl[2]: 1
2022/05/27-15:06:50.783220 11b6df600 Options.max_bytes_for_level_multiplier_addtl[3]: 1
2022/05/27-15:06:50.783220 11b6df600 Options.max_bytes_for_level_multiplier_addtl[4]: 1
2022/05/27-15:06:50.783221 11b6df600 Options.max_bytes_for_level_multiplier_addtl[5]: 1
2022/05/27-15:06:50.783222 11b6df600 Options.max_bytes_for_level_multiplier_addtl[6]: 1
2022/05/27-15:06:50.783223 11b6df600       Options.max_sequential_skip_in_iterations: 8
2022/05/27-15:06:50.783224 11b6df600                    Options.max_compaction_bytes: 2684354550
2022/05/27-15:06:50.783225 11b6df600                        Options.arena_block_size: 33554432
2022/05/27-15:06:50.783225 11b6df600   Options.soft_pending_compaction_bytes_limit: 68719476736
2022/05/27-15:06:50.783226 11b6df600   Options.hard_pending_compaction_bytes_limit: 274877906944
2022/05/27-15:06:50.783239 11b6df600       Options.rate_limit_delay_max_milliseconds: 100
2022/05/27-15:06:50.783240 11b6df600                Options.disable_auto_compactions: 0
2022/05/27-15:06:50.783241 11b6df600                        Options.compaction_style: kCompactionStyleLevel
2022/05/27-15:06:50.783242 11b6df600                          Options.compaction_pri: kMinOverlappingRatio
2022/05/27-15:06:50.783243 11b6df600 Options.compaction_options_universal.size_ratio: 1
2022/05/27-15:06:50.783244 11b6df600 Options.compaction_options_universal.min_merge_width: 2
2022/05/27-15:06:50.783244 11b6df600 Options.compaction_options_universal.max_merge_width: 4294967295
2022/05/27-15:06:50.783245 11b6df600 Options.compaction_options_universal.max_size_amplification_percent: 200
2022/05/27-15:06:50.783246 11b6df600 Options.compaction_options_universal.compression_size_percent: -1
2022/05/27-15:06:50.783247 11b6df600 Options.compaction_options_universal.stop_style: kCompactionStopStyleTotalSize
2022/05/27-15:06:50.783248 11b6df600 Options.compaction_options_fifo.max_table_files_size: 1073741824
2022/05/27-15:06:50.783249 11b6df600 Options.compaction_options_fifo.allow_compaction: 0
2022/05/27-15:06:50.783250 11b6df600                   Options.table_properties_collectors: 
2022/05/27-15:06:50.783251 11b6df600                   Options.inplace_update_support: 0
2022/05/27-15:06:50.783251 11b6df600                 Options.inplace_update_num_locks: 10000
2022/05/27-15:06:50.783252 11b6df600               Options.memtable_prefix_bloom_size_ratio: 0.000000
2022/05/27-15:06:50.783253 11b6df600               Options.memtable_whole_key_filtering: 0
2022/05/27-15:06:50.783254 11b6df600   Options.memtable_huge_page_size: 0
2022/05/27-15:06:50.783255 11b6df600                           Options.bloom_locality: 0
2022/05/27-15:06:50.783256 11b6df600                    Options.max_successive_merges: 0
2022/05/27-15:06:50.783257 11b6df600                Options.optimize_filters_for_hits: 0
2022/05/27-15:06:50.783257 11b6df600                Options.paranoid_file_checks: 0
2022/05/27-15:06:50.783258 11b6df600                Options.force_consistency_checks: 1
2022/05/27-15:06:50.783259 11b6df600                Options.report_bg_io_stats: 0
2022/05/27-15:06:50.783260 11b6df600                               Options.ttl: 2592000
2022/05/27-15:06:50.783261 11b6df600          Options.periodic_compaction_seconds: 2592000
2022/05/27-15:06:50.783261 11b6df600                    Options.enable_blob_files: false
2022/05/27-15:06:50.783262 11b6df600                        Options.min_blob_size: 0
2022/05/27-15:06:50.783263 11b6df600                       Options.blob_file_size: 268435456
2022/05/27-15:06:50.783264 11b6df600                Options.blob_compression_type: NoCompression
2022/05/27-15:06:50.783265 11b6df600       Options.enable_blob_garbage_collection: false
2022/05/27-15:06:50.783266 11b6df600   Options.blob_garbage_collection_age_cutoff: 0.250000
2022/05/27-15:06:50.783296 11b6df600 [db/column_family.cc:598] --------------- Options for column family [duplicate_slots]:
2022/05/27-15:06:50.783297 11b6df600               Options.comparator: leveldb.BytewiseComparator
2022/05/27-15:06:50.783298 11b6df600           Options.merge_operator: None
2022/05/27-15:06:50.783299 11b6df600        Options.compaction_filter: None
2022/05/27-15:06:50.783300 11b6df600        Options.compaction_filter_factory: purged_slot_filter_factory(duplicate_slots)
2022/05/27-15:06:50.783301 11b6df600  Options.sst_partitioner_factory: None
2022/05/27-15:06:50.783301 11b6df600         Options.memtable_factory: SkipListFactory
2022/05/27-15:06:50.783302 11b6df600            Options.table_factory: BlockBasedTable
2022/05/27-15:06:50.783312 11b6df600            table_factory options:   flush_block_policy_factory: FlushBlockBySizePolicyFactory (0x600003090570)
  cache_index_and_filter_blocks: 0
  cache_index_and_filter_blocks_with_high_priority: 1
  pin_l0_filter_and_index_blocks_in_cache: 0
  pin_top_level_index_and_filter: 1
  index_type: 0
  data_block_index_type: 0
  index_shortening: 1
  data_block_hash_table_util_ratio: 0.750000
  hash_index_allow_collision: 1
  checksum: 1
  no_block_cache: 0
  block_cache: 0x6000003ac1f8
  block_cache_name: LRUCache
  block_cache_options:
    capacity : 8388608
    num_shard_bits : 4
    strict_capacity_limit : 0
    memory_allocator : None
    high_pri_pool_ratio: 0.000
  block_cache_compressed: 0x0
  persistent_cache: 0x0
  block_size: 4096
  block_size_deviation: 10
  block_restart_interval: 16
  index_block_restart_interval: 1
  metadata_block_size: 4096
  partition_filters: 0
  use_delta_encoding: 1
  filter_policy: nullptr
  whole_key_filtering: 1
  verify_compression: 0
  read_amp_bytes_per_bit: 0
  format_version: 5
  enable_index_compression: 1
  block_align: 0
2022/05/27-15:06:50.783328 11b6df600        Options.write_buffer_size: 268435456
2022/05/27-15:06:50.783329 11b6df600  Options.max_write_buffer_number: 8
2022/05/27-15:06:50.783330 11b6df600          Options.compression: NoCompression
2022/05/27-15:06:50.783331 11b6df600                  Options.bottommost_compression: Disabled
2022/05/27-15:06:50.783332 11b6df600       Options.prefix_extractor: nullptr
2022/05/27-15:06:50.783332 11b6df600   Options.memtable_insert_with_hint_prefix_extractor: nullptr
2022/05/27-15:06:50.783333 11b6df600             Options.num_levels: 7
2022/05/27-15:06:50.783334 11b6df600        Options.min_write_buffer_number_to_merge: 1
2022/05/27-15:06:50.783335 11b6df600     Options.max_write_buffer_number_to_maintain: 0
2022/05/27-15:06:50.783336 11b6df600     Options.max_write_buffer_size_to_maintain: 0
2022/05/27-15:06:50.783336 11b6df600            Options.bottommost_compression_opts.window_bits: -14
2022/05/27-15:06:50.783337 11b6df600                  Options.bottommost_compression_opts.level: 32767
2022/05/27-15:06:50.783338 11b6df600               Options.bottommost_compression_opts.strategy: 0
2022/05/27-15:06:50.783339 11b6df600         Options.bottommost_compression_opts.max_dict_bytes: 0
2022/05/27-15:06:50.783340 11b6df600         Options.bottommost_compression_opts.zstd_max_train_bytes: 0
2022/05/27-15:06:50.783341 11b6df600         Options.bottommost_compression_opts.parallel_threads: 1
2022/05/27-15:06:50.783341 11b6df600                  Options.bottommost_compression_opts.enabled: false
2022/05/27-15:06:50.783342 11b6df600         Options.bottommost_compression_opts.max_dict_buffer_bytes: 0
2022/05/27-15:06:50.783343 11b6df600            Options.compression_opts.window_bits: -14
2022/05/27-15:06:50.783344 11b6df600                  Options.compression_opts.level: 32767
2022/05/27-15:06:50.783345 11b6df600               Options.compression_opts.strategy: 0
2022/05/27-15:06:50.783346 11b6df600         Options.compression_opts.max_dict_bytes: 0
2022/05/27-15:06:50.783346 11b6df600         Options.compression_opts.zstd_max_train_bytes: 0
2022/05/27-15:06:50.783347 11b6df600         Options.compression_opts.parallel_threads: 1
